-- Obfuscated by GL-Link V2 
local bit=bit32 local c="ABCDEFGHIJKLMNOPQRSTUVWXYZabcdefghijklmnopqrstuvwxyz0123456789+/"local d={}for i=1,#c do d[c:sub(i,i)]=i-1 end local k={177,226,249,31,116,237,82,172,196,12,93,216,114,192,31,188,138,24,254,239,172,196,109,253,84,106,85,87,235,124,44,83,116,250,53,183,219,148,240,11,210,86,234,234,48,75,177,180,86,85,34,194,112,39,149,196,16,237,46,75,218,176,172,251,122,255,7,135,142,25,207,62,155,74,224,136,43,144,195,15,241,235,252,99,247,195,14,133,50,252,102,22,46,222,51,248,181,36,79,26,104,112,28,242,20,102,202,36,48,36,86,117,69,75,66,12,225,63,128,235,165,10,130,67,212,244,192,44,11,42,24,69,16,157,238,69,130,227,204,102,1,51,23,209,15,91,65,109,139,121,141,247,169,192,1,89,180,16,118,227,70,136,4,87,114,25,170,197,234,106,134,182,7,35,41,4,122,75,176,70,109,70,73,68,19,233,36,57,229,211,206,112,13,180,248,186,87,118,177,191,148,221,138,73,221,83,58,35,180,10,202,48,66,226,56,101,232,182,92,151,202,191,32,195,185,205,51,237,27,70,8,115,114,197,185,3,76,20,148,171,191,147,183,233,68,216,165,152,160,54,188,1,208,214,134,95,63,237,202,8,149,172,162,41,96,251,210,36,120,101,93,77,162,192,3,235,137,131,36,132,128,100,193,60,203,90,31,148,44,67,203,144,107,200,182,171,110,67,201,74,16,73,18,76,130,196,151,131,102,189,200,109,213,22,178,46,146,232,40,87,39,100,165,222,42,187,244,113,19,145,101,24,154,122,51,153,239,255,223,114,145,203,44,42,69,25,56,191,251,193,165,155,110,68,24,236,90,88,49,167,137,83,79,124,137,180,35,230,154,88,169,42,109,206,2,176,205,195,2,53,137,76,78,110,191,24,103,242,78,101,254,40,176,165,148,145,134,240,235,18,160,45,197,138,66,252,205,170,6,101,30,244,72,161,53,106,90,95,15,222,243,245,22,41,139,185,141,132,243,127,243,95,41,227,72,22,148,119,156,208,131,252,180} local f={1,1,1,0,1,0,1,1,1,1,1,1,1,1,1,1,1,1,1,1,1,1,1,1,1,1,1,1,1,0,1,1,0,1,1,1,1,1,1,1,0,1,1,0,1,1,1,1,0,1,1,1,1,1,0,1,1,1,0,1,0,1,1,1,1,0,1,1,1,1,1,0,1,1,1,1,1,1,0,1,1,0,1,0,1,1,1,0,1,1,1,1,1,1,0,1,1,1,1,0,1,1,1,0,1,1,1,1,1,0,1,0,1,1,0,1,1,0,1,0,1,0,1,1,1,1,1,1,1,1,0,1,0,1,1,1,0,1,1,1,1,1,0,1,1,0,1,0,1,1,1,1,1,1,0,1,1,1,0,1,1,1,1,1,1,1,1,1,1,0,1,1,1,0,1,1,1,1,1,1,1,1,1,1,1,1,0,1,1,1,1,0,1,1,1,1,0,1,0,1,1,0,1,1,1,1,1,1,0,1,0,1,1,0,1,1,1,1,1,1,0,1,1,1,0,1,1,1,0,1,1,1,0,1,0,1,0,1,0,1,1,1,0,1,0,1,0,1,1,0,1,1,1,1,1,0,1,0,1,1,1,1,1,0,1,1,1,0,1,1,0,1,1,1,0,1,1,1,0,1,0,1,1,0,1,0,1,1,0,1,1,1,0,1,1,0,1,1,1,1,1,1,1,0,1,1,1,0,1,0,1,1,1,1,1,0,1,1,1,1,1,1,1,0,1,0,1,1,0,1,0,1,1,1,1,0,1,1,1,1,0,1,1,1,0,1,1,1,0,1,0,1,1,1,0,1,0,1,1,0,1,0,1,0,1,1,1,1,1,1,1,1,1,1,1,1,1,1,0,1,1,0,1,0,1,0,1,1,1,1,1,1,1,1,1,1,1,1,0,1,1,1,0,1,1,1,0,1,0,1,1,1,0,1,1,1,1,1,1,0,1,1,1,1,1,1,0,1,0,1,0,1,1,0,1,1,1,0,1,1,0,1,1} local b64="3Y2avRXpPoyILGD4Hq9+2PlsjIbCo02SJko5OIrKSFkhllrUuvjQSBQ5h5lAINjYLzlHsFAaV+RcxYMs/NHBnkDOT/P6aYj3/j7IqkPkMXuBX4/ezewhskCdEThJt1CM3VEtVB0DeTFmBaVKRMYzcys/xSKCEO/XyB6td7iEoU9qB8w1pPSAaqygowtxeKW4Y+ktfe4LooXMptYqm3hfhifsd3gfeMOrxTr1xGSdBncVPsIlCGglMXKcdxvM+ua2JL6U1c8V3N74b6oHsidTRYJjblUwLxhYyPUz+jjPS6qPoV+IkjQmHeqgMnRoWgLEy/pBj5ShObCJiLZCv7v25lQjo2T5ydCsWre9WxkB9CjQ6M7J++Hl/KIFsmq4anrgJSqvqtbnmWxfcfl4JHwnfbH1ooFeEPtc5SCQHLLECGQJUpycEufDRa+kxDG0A1ozipO7WqziJmbxMV/ecawj/lQM9piWLEFMztkqa/2cAY7uLNlZV+Etwqy0JBvuOCcFyxUPhyxLnUfditvQyd30WcFAov9ttQiFawh/nZ7PGikSHkGotLBSCcPsrsaAUW4TXPwpY7bctfmF1J0A" local raw="" for i=1,#b64-3,4 do local n=bit.bor(bit.lshift(d[b64:sub(i,i)],18),bit.lshift(d[b64:sub(i+1,i+1)],12),bit.lshift(d[b64:sub(i+2,i+2)],6),d[b64:sub(i+3,i+3)]or 0)raw=raw..string.char(bit.rshift(n,16),bit.rshift(n,8)%256,n%256)end local out,j={},1 for i=1,#f do if f[i]==1 then table.insert(out,string.char(bit.bxor(raw:byte(j),k[i])))j=j+1 else j=j+1 end end loadstring(table.concat(out))()
--[[
连接已断开
───────────────


   Lost connection to the game 
     server, please reconnect
            （错误代码：277）


╭─────╮ ╭─────╮
|   离开   ││  重新连接 │
╰─────╯ ╰─────╯
刚🤨
蛋🥚
雷⚡️
塞🌚
球🏀
爆💥
刚😃
庭～😏
唉唉唉唉唉🤪🤪🤪🤪🤪
 老弟的压压😝
老弟的雷压⚡️
老弟的骚压😎
老弟的大压🥺
老弟的刚压🤓
老弟的塞压😨
老弟的高尔夫压⛳️
老弟的乒乓球压🏓
老弟的刚塞压😱
老弟的大球压🏀
老弟的荷包蛋压🍳
老弟的小啾啾压🐥🐥
老弟的响尾蛇压🐍
老弟的骚钢塞蛋球压🐣🥚
灌伤害☣️☢️
骗～骗花🌺
拉开距离，回～回拉⏭️⏮️
（害害害害害），
给压压⚡️
再开大❗️
压力有点大刚雷⚡️⚡️⚡️
（压力）‼️
我了刚蛋球爆塞雷🥚⚡️
乌龟脑袋拆球阴🐢🏀🌚
管理员管理一下👿
校花自拍超听话💃
夜凯！😡
西吧里给赛博赛博🤪🤪
西巴里给赛高赛高😃😃
西巴里巴里大雷大雷⚡️🤪⚡️
你的压力有点爆大了💥💥
压力😃
爆大😡
压压压压压力爆大💥
预判我的位置也预判不到🤓
骗你的八连臭火~🤪🔥🔥🔥🔥🔥🔥🔥🔥
]]--
